The files are: 
Cassidy2011 - Generalized Thermalization in an Integrable Lattice System.txt
Bulchandani2022 - Onset of Many Body Quantum Chaos Due to Breaking Integrability.txt
Mierzejewski2014 - Breakdown of the Generalized Gibbs Ensemble for Current Generating Quenches.txt
declaration-of-independence.txt
Herbert-Dune.txt
The-Congo-and-Coasts-of-Africa.txt

Jaccard similarities for shingle size: 3
1.000000 0.395108 0.447275 0.383968 0.274729 0.318635 
0.395108 1.000000 0.424278 0.454545 0.410112 0.435798 
0.447275 0.424278 1.000000 0.379677 0.289613 0.322809 
0.383968 0.454545 0.379677 1.000000 0.486597 0.554964 
0.274729 0.410112 0.289613 0.486597 1.000000 0.614658 
0.318635 0.435798 0.322809 0.554964 0.614658 1.000000 

Jaccard similarities for shingle size: 4
1.000000 0.218630 0.248723 0.192236 0.109329 0.139610 
0.218630 1.000000 0.221559 0.266584 0.214528 0.241802 
0.248723 0.221559 1.000000 0.183061 0.111412 0.137256 
0.192236 0.266584 0.183061 1.000000 0.309223 0.387513 
0.109329 0.214528 0.111412 0.309223 1.000000 0.455353 
0.139610 0.241802 0.137256 0.387513 0.455353 1.000000 

Jaccard similarities for shingle size: 5
1.000000 0.129043 0.152734 0.094826 0.045109 0.061669 
0.129043 1.000000 0.124221 0.155705 0.113185 0.133070 
0.152734 0.124221 1.000000 0.089170 0.044708 0.061248 
0.094826 0.155705 0.089170 1.000000 0.180047 0.244781 
0.045109 0.113185 0.044708 0.180047 1.000000 0.314233 
0.061669 0.133070 0.061248 0.244781 0.314233 1.000000 

Jaccard similarities for shingle size: 6
1.000000 0.084497 0.104385 0.050301 0.019712 0.029539 
0.084497 1.000000 0.077430 0.085449 0.056166 0.068053 
0.104385 0.077430 1.000000 0.045259 0.019169 0.028494 
0.050301 0.085449 0.045259 1.000000 0.095590 0.143578 
0.019712 0.056166 0.019169 0.095590 1.000000 0.181857 
0.029539 0.068053 0.028494 0.143578 0.181857 1.000000 

Jaccard similarities for shingle size: 7
1.000000 0.060534 0.076021 0.028124 0.009629 0.015132 
0.060534 1.000000 0.053301 0.048556 0.028684 0.035101 
0.076021 0.053301 1.000000 0.024193 0.008962 0.013814 
0.028124 0.048556 0.024193 1.000000 0.050661 0.086776 
0.009629 0.028684 0.008962 0.050661 1.000000 0.098324 
0.015132 0.035101 0.013814 0.086776 0.098324 1.000000 

Jaccard similarities for shingle size: 8
1.000000 0.044594 0.056380 0.016088 0.005031 0.008325 
0.044594 1.000000 0.037312 0.027951 0.015149 0.018384 
0.056380 0.037312 1.000000 0.013575 0.004466 0.007024 
0.016088 0.027951 0.013575 1.000000 0.027656 0.055681 
0.005031 0.015149 0.004466 0.027656 1.000000 0.053383 
0.008325 0.018384 0.007024 0.055681 0.053383 1.000000 

Jaccard similarities for shingle size: 9
1.000000 0.033327 0.043577 0.008924 0.002691 0.004478 
0.033327 1.000000 0.026387 0.015374 0.007979 0.009689 
0.043577 0.026387 1.000000 0.007488 0.002351 0.003663 
0.008924 0.015374 0.007488 1.000000 0.015270 0.037270 
0.002691 0.007979 0.002351 0.015270 1.000000 0.029032 
0.004478 0.009689 0.003663 0.037270 0.029032 1.000000 

Jaccard similarities for shingle size: 10
1.000000 0.025518 0.034047 0.004929 0.001478 0.002431 
0.025518 1.000000 0.019130 0.008233 0.004449 0.005176 
0.034047 0.019130 1.000000 0.003992 0.001261 0.001882 
0.004929 0.008233 0.003992 1.000000 0.008496 0.025732 
0.001478 0.004449 0.001261 0.008496 1.000000 0.015589 
0.002431 0.005176 0.001882 0.025732 0.015589 1.000000 

Jaccard similarities for shingle size: 11
1.000000 0.019900 0.026999 0.002512 0.000811 0.001246 
0.019900 1.000000 0.013964 0.004460 0.002522 0.002786 
0.026999 0.013964 1.000000 0.002043 0.000680 0.000991 
0.002512 0.004460 0.002043 1.000000 0.004575 0.018511 
0.000811 0.002522 0.000680 0.004575 1.000000 0.008075 
0.001246 0.002786 0.000991 0.018511 0.008075 1.000000 

Jaccard similarities for shingle size: 12
1.000000 0.015439 0.021270 0.001310 0.000455 0.000631 
0.015439 1.000000 0.010312 0.002288 0.001342 0.001374 
0.021270 0.010312 1.000000 0.001008 0.000355 0.000497 
0.001310 0.002288 0.001008 1.000000 0.002392 0.014147 
0.000455 0.001342 0.000355 0.002392 1.000000 0.004044 
0.000631 0.001374 0.000497 0.014147 0.004044 1.000000 

Jaccard similarities for shingle size: 13
1.000000 0.012155 0.017619 0.000606 0.000249 0.000309 
0.012155 1.000000 0.007699 0.001024 0.000629 0.000593 
0.017619 0.007699 1.000000 0.000468 0.000165 0.000237 
0.000606 0.001024 0.000468 1.000000 0.001215 0.011471 
0.000249 0.000629 0.000165 0.001215 1.000000 0.001948 
0.000309 0.000593 0.000237 0.011471 0.001948 1.000000 

Jaccard similarities for shingle size: 14
1.000000 0.009521 0.014820 0.000297 0.000126 0.000170 
0.009521 1.000000 0.006178 0.000499 0.000299 0.000229 
0.014820 0.006178 1.000000 0.000247 0.000062 0.000113 
0.000297 0.000499 0.000247 1.000000 0.000574 0.009748 
0.000126 0.000299 0.000062 0.000574 1.000000 0.000907 
0.000170 0.000229 0.000113 0.009748 0.000907 1.000000 

