The files are: 
Cassidy2011 - Generalized Thermalization in an Integrable Lattice System.txt
Bulchandani2022 - Onset of Many Body Quantum Chaos Due to Breaking Integrability.txt
Mierzejewski2014 - Breakdown of the Generalized Gibbs Ensemble for Current Generating Quenches.txt
Mallayya2019 - Prethermalization and Thermalization in Isolated Quantum Systems.txt
Ilievski2018 - Superdiffusion in One Dimensional Quantum Lattice Models.txt
declaration-of-independence.txt
Herbert-Dune.txt
The-Congo-and-Coasts-of-Africa.txt
A Modern Introduction to Quantum Field Theory.txt
king-james-bible.txt

Jaccard similarities for shingle size: 3
1.000000 0.395108 0.447275 0.438372 0.437661 0.383968 0.274729 0.318635 0.289130 0.278925 
0.395108 1.000000 0.424278 0.517544 0.485139 0.454545 0.410112 0.435798 0.448087 0.435099 
0.447275 0.424278 1.000000 0.459459 0.475288 0.379677 0.289613 0.322809 0.333825 0.306923 
0.438372 0.517544 0.459459 1.000000 0.487217 0.442371 0.367393 0.407578 0.430343 0.402024 
0.437661 0.485139 0.475288 0.487217 1.000000 0.431253 0.342642 0.382523 0.375117 0.368442 
0.383968 0.454545 0.379677 0.442371 0.431253 1.000000 0.486597 0.554964 0.373508 0.452470 
0.274729 0.410112 0.289613 0.367393 0.342642 0.486597 1.000000 0.614658 0.385848 0.561358 
0.318635 0.435798 0.322809 0.407578 0.382523 0.554964 0.614658 1.000000 0.394251 0.554427 
0.289130 0.448087 0.333825 0.430343 0.375117 0.373508 0.385848 0.394251 1.000000 0.510819 
0.278925 0.435099 0.306923 0.402024 0.368442 0.452470 0.561358 0.554427 0.510819 1.000000 

Jaccard similarities for shingle size: 4
1.000000 0.218630 0.248723 0.245360 0.239021 0.192236 0.109329 0.139610 0.116524 0.084704 
0.218630 1.000000 0.221559 0.321644 0.268197 0.266584 0.214528 0.241802 0.233688 0.177758 
0.248723 0.221559 1.000000 0.248091 0.272187 0.183061 0.111412 0.137256 0.133320 0.092145 
0.245360 0.321644 0.248091 1.000000 0.266313 0.246595 0.177120 0.208640 0.220459 0.157749 
0.239021 0.268197 0.272187 0.266313 1.000000 0.222657 0.144115 0.175882 0.159008 0.119961 
0.192236 0.266584 0.183061 0.246595 0.222657 1.000000 0.309223 0.387513 0.198187 0.226476 
0.109329 0.214528 0.111412 0.177120 0.144115 0.309223 1.000000 0.455353 0.226520 0.367311 
0.139610 0.241802 0.137256 0.208640 0.175882 0.387513 0.455353 1.000000 0.224917 0.331676 
0.116524 0.233688 0.133320 0.220459 0.159008 0.198187 0.226520 0.224917 1.000000 0.301858 
0.084704 0.177758 0.092145 0.157749 0.119961 0.226476 0.367311 0.331676 0.301858 1.000000 

Jaccard similarities for shingle size: 5
1.000000 0.129043 0.152734 0.150339 0.141527 0.094826 0.045109 0.061669 0.054964 0.024537 
0.129043 1.000000 0.124221 0.204795 0.162029 0.155705 0.113185 0.133070 0.131159 0.065372 
0.152734 0.124221 1.000000 0.144456 0.167889 0.089170 0.044708 0.061248 0.060460 0.025748 
0.150339 0.204795 0.144456 1.000000 0.156468 0.138752 0.088097 0.109931 0.119439 0.054550 
0.141527 0.162029 0.167889 0.156468 1.000000 0.116167 0.062670 0.082954 0.077154 0.035683 
0.094826 0.155705 0.089170 0.138752 0.116167 1.000000 0.180047 0.244781 0.117776 0.104290 
0.045109 0.113185 0.044708 0.088097 0.062670 0.180047 1.000000 0.314233 0.152419 0.251073 
0.061669 0.133070 0.061248 0.109931 0.082954 0.244781 0.314233 1.000000 0.141673 0.188317 
0.054964 0.131159 0.060460 0.119439 0.077154 0.117776 0.152419 0.141673 1.000000 0.146246 
0.024537 0.065372 0.025748 0.054550 0.035683 0.104290 0.251073 0.188317 0.146246 1.000000 

Jaccard similarities for shingle size: 6
1.000000 0.084497 0.104385 0.102526 0.092761 0.050301 0.019712 0.029539 0.031004 0.008342 
0.084497 1.000000 0.077430 0.138823 0.105248 0.085449 0.056166 0.068053 0.082557 0.025012 
0.104385 0.077430 1.000000 0.093049 0.116466 0.045259 0.019169 0.028494 0.032727 0.008131 
0.102526 0.138823 0.093049 1.000000 0.102088 0.076932 0.044011 0.057720 0.072457 0.020512 
0.092761 0.105248 0.116466 0.102088 1.000000 0.062427 0.027985 0.040947 0.044486 0.011930 
0.050301 0.085449 0.045259 0.076932 0.062427 1.000000 0.095590 0.143578 0.069462 0.049766 
0.019712 0.056166 0.019169 0.044011 0.027985 0.095590 1.000000 0.181857 0.096705 0.165086 
0.029539 0.068053 0.028494 0.057720 0.040947 0.143578 0.181857 1.000000 0.082579 0.101225 
0.031004 0.082557 0.032727 0.072457 0.044486 0.069462 0.096705 0.082579 1.000000 0.064653 
0.008342 0.025012 0.008131 0.020512 0.011930 0.049766 0.165086 0.101225 0.064653 1.000000 

Jaccard similarities for shingle size: 7
1.000000 0.060534 0.076021 0.075490 0.064470 0.028124 0.009629 0.015132 0.019656 0.003370 
0.060534 1.000000 0.053301 0.101334 0.073869 0.048556 0.028684 0.035101 0.056971 0.010547 
0.076021 0.053301 1.000000 0.065285 0.085846 0.024193 0.008962 0.013814 0.020130 0.003044 
0.075490 0.101334 0.065285 1.000000 0.071247 0.044481 0.022765 0.030671 0.048687 0.008652 
0.064470 0.073869 0.085846 0.071247 1.000000 0.034859 0.013573 0.021602 0.029102 0.004710 
0.028124 0.048556 0.024193 0.044481 0.034859 1.000000 0.050661 0.086776 0.040632 0.026409 
0.009629 0.028684 0.008962 0.022765 0.013573 0.050661 1.000000 0.098324 0.056823 0.101906 
0.015132 0.035101 0.013814 0.030671 0.021602 0.086776 0.098324 1.000000 0.045385 0.055324 
0.019656 0.056971 0.020130 0.048687 0.029102 0.040632 0.056823 0.045385 1.000000 0.029162 
0.003370 0.010547 0.003044 0.008652 0.004710 0.026409 0.101906 0.055324 0.029162 1.000000 

Jaccard similarities for shingle size: 8
1.000000 0.044594 0.056380 0.056811 0.045935 0.016088 0.005031 0.008325 0.013356 0.001534 
0.044594 1.000000 0.037312 0.076360 0.053031 0.027951 0.015149 0.018384 0.040860 0.004646 
0.056380 0.037312 1.000000 0.046885 0.065150 0.013575 0.004466 0.007024 0.013483 0.001252 
0.056811 0.076360 0.046885 1.000000 0.050946 0.025783 0.012647 0.017053 0.034701 0.003997 
0.045935 0.053031 0.065150 0.050946 1.000000 0.019954 0.006970 0.011572 0.020037 0.002064 
0.016088 0.027951 0.013575 0.025783 0.019954 1.000000 0.027656 0.055681 0.024379 0.015016 
0.005031 0.015149 0.004466 0.012647 0.006970 0.027656 1.000000 0.053383 0.033099 0.060969 
0.008325 0.018384 0.007024 0.017053 0.011572 0.055681 0.053383 1.000000 0.025216 0.031597 
0.013356 0.040860 0.013483 0.034701 0.020037 0.024379 0.033099 0.025216 1.000000 0.013716 
0.001534 0.004646 0.001252 0.003997 0.002064 0.015016 0.060969 0.031597 0.013716 1.000000 

Jaccard similarities for shingle size: 9
1.000000 0.033327 0.043577 0.044607 0.033013 0.008924 0.002691 0.004478 0.009352 0.000740 
0.033327 1.000000 0.026387 0.057990 0.037934 0.015374 0.007979 0.009689 0.029420 0.002061 
0.043577 0.026387 1.000000 0.035019 0.051094 0.007488 0.002351 0.003663 0.009294 0.000551 
0.044607 0.057990 0.035019 1.000000 0.036829 0.014165 0.006922 0.009265 0.024971 0.001869 
0.033013 0.037934 0.051094 0.036829 1.000000 0.010727 0.003609 0.006378 0.014026 0.000941 
0.008924 0.015374 0.007488 0.014165 0.010727 1.000000 0.015270 0.037270 0.014089 0.008843 
0.002691 0.007979 0.002351 0.006922 0.003609 0.015270 1.000000 0.029032 0.019142 0.035166 
0.004478 0.009689 0.003663 0.009265 0.006378 0.037270 0.029032 1.000000 0.014293 0.018996 
0.009352 0.029420 0.009294 0.024971 0.014026 0.014089 0.019142 0.014293 1.000000 0.006789 
0.000740 0.002061 0.000551 0.001869 0.000941 0.008843 0.035166 0.018996 0.006789 1.000000 

Jaccard similarities for shingle size: 10
1.000000 0.025518 0.034047 0.035294 0.024933 0.004929 0.001478 0.002431 0.006701 0.000386 
0.025518 1.000000 0.019130 0.045076 0.027652 0.008233 0.004449 0.005176 0.021105 0.000937 
0.034047 0.019130 1.000000 0.026502 0.040635 0.003992 0.001261 0.001882 0.006422 0.000252 
0.035294 0.045076 0.026502 1.000000 0.027467 0.007775 0.003796 0.005105 0.018202 0.000884 
0.024933 0.027652 0.040635 0.027467 1.000000 0.005666 0.001919 0.003409 0.009948 0.000415 
0.004929 0.008233 0.003992 0.007775 0.005666 1.000000 0.008496 0.025732 0.007940 0.005376 
0.001478 0.004449 0.001261 0.003796 0.001919 0.008496 1.000000 0.015589 0.010751 0.019493 
0.002431 0.005176 0.001882 0.005105 0.003409 0.025732 0.015589 1.000000 0.007882 0.012091 
0.006701 0.021105 0.006422 0.018202 0.009948 0.007940 0.010751 0.007882 1.000000 0.003396 
0.000386 0.000937 0.000252 0.000884 0.000415 0.005376 0.019493 0.012091 0.003396 1.000000 

Jaccard similarities for shingle size: 11
1.000000 0.019900 0.026999 0.028231 0.018666 0.002512 0.000811 0.001246 0.004726 0.000203 
0.019900 1.000000 0.013964 0.035746 0.020506 0.004460 0.002522 0.002786 0.015097 0.000462 
0.026999 0.013964 1.000000 0.020357 0.032863 0.002043 0.000680 0.000991 0.004413 0.000120 
0.028231 0.035746 0.020357 1.000000 0.020742 0.004411 0.002146 0.002887 0.013105 0.000443 
0.018666 0.020506 0.032863 0.020742 1.000000 0.002880 0.001037 0.001890 0.007068 0.000180 
0.002512 0.004460 0.002043 0.004411 0.002880 1.000000 0.004575 0.018511 0.004372 0.003377 
0.000811 0.002522 0.000680 0.002146 0.001037 0.004575 1.000000 0.008075 0.006025 0.010522 
0.001246 0.002786 0.000991 0.002887 0.001890 0.018511 0.008075 1.000000 0.004282 0.008385 
0.004726 0.015097 0.004413 0.013105 0.007068 0.004372 0.006025 0.004282 1.000000 0.001630 
0.000203 0.000462 0.000120 0.000443 0.000180 0.003377 0.010522 0.008385 0.001630 1.000000 

Jaccard similarities for shingle size: 12
1.000000 0.015439 0.021270 0.022482 0.014036 0.001310 0.000455 0.000631 0.003271 0.000112 
0.015439 1.000000 0.010312 0.028137 0.015079 0.002288 0.001342 0.001374 0.010594 0.000224 
0.021270 0.010312 1.000000 0.015512 0.026706 0.001008 0.000355 0.000497 0.003016 0.000057 
0.022482 0.028137 0.015512 1.000000 0.015817 0.002328 0.001123 0.001573 0.009319 0.000225 
0.014036 0.015079 0.026706 0.015817 1.000000 0.001408 0.000549 0.000956 0.005024 0.000079 
0.001310 0.002288 0.001008 0.002328 0.001408 1.000000 0.002392 0.014147 0.002340 0.002226 
0.000455 0.001342 0.000355 0.001123 0.000549 0.002392 1.000000 0.004044 0.003232 0.005528 
0.000631 0.001374 0.000497 0.001573 0.000956 0.014147 0.004044 1.000000 0.002328 0.006410 
0.003271 0.010594 0.003016 0.009319 0.005024 0.002340 0.003232 0.002328 1.000000 0.000784 
0.000112 0.000224 0.000057 0.000225 0.000079 0.002226 0.005528 0.006410 0.000784 1.000000 

Jaccard similarities for shingle size: 13
1.000000 0.012155 0.017619 0.018585 0.010828 0.000606 0.000249 0.000309 0.002289 0.000064 
0.012155 1.000000 0.007699 0.022938 0.011056 0.001024 0.000629 0.000593 0.007402 0.000105 
0.017619 0.007699 1.000000 0.012261 0.022436 0.000468 0.000165 0.000237 0.001999 0.000026 
0.018585 0.022938 0.012261 1.000000 0.012186 0.001267 0.000594 0.000859 0.006555 0.000121 
0.010828 0.011056 0.022436 0.012186 1.000000 0.000733 0.000262 0.000475 0.003476 0.000037 
0.000606 0.001024 0.000468 0.001267 0.000733 1.000000 0.001215 0.011471 0.001265 0.001549 
0.000249 0.000629 0.000165 0.000594 0.000262 0.001215 1.000000 0.001948 0.001704 0.002824 
0.000309 0.000593 0.000237 0.000859 0.000475 0.011471 0.001948 1.000000 0.001246 0.005368 
0.002289 0.007402 0.001999 0.006555 0.003476 0.001265 0.001704 0.001246 1.000000 0.000408 
0.000064 0.000105 0.000026 0.000121 0.000037 0.001549 0.002824 0.005368 0.000408 1.000000 

Jaccard similarities for shingle size: 14
1.000000 0.009521 0.014820 0.015516 0.008569 0.000297 0.000126 0.000170 0.001630 0.000036 
0.009521 1.000000 0.006178 0.019087 0.008090 0.000499 0.000299 0.000229 0.005138 0.000046 
0.014820 0.006178 1.000000 0.009834 0.019481 0.000247 0.000062 0.000113 0.001335 0.000010 
0.015516 0.019087 0.009834 1.000000 0.009413 0.000667 0.000253 0.000459 0.004533 0.000052 
0.008569 0.008090 0.019481 0.009413 1.000000 0.000315 0.000123 0.000245 0.002391 0.000014 
0.000297 0.000499 0.000247 0.000667 0.000315 1.000000 0.000574 0.009748 0.000697 0.001174 
0.000126 0.000299 0.000062 0.000253 0.000123 0.000574 1.000000 0.000907 0.000910 0.001471 
0.000170 0.000229 0.000113 0.000459 0.000245 0.009748 0.000907 1.000000 0.000662 0.004849 
0.001630 0.005138 0.001335 0.004533 0.002391 0.000697 0.000910 0.000662 1.000000 0.000205 
0.000036 0.000046 0.000010 0.000052 0.000014 0.001174 0.001471 0.004849 0.000205 1.000000 

