The files are: 
Cassidy2011 - Generalized Thermalization in an Integrable Lattice System.txt
Bulchandani2022 - Onset of Many Body Quantum Chaos Due to Breaking Integrability.txt
Mierzejewski2014 - Breakdown of the Generalized Gibbs Ensemble for Current Generating Quenches.txt
declaration-of-independence.txt
Herbert-Dune.txt
The-Congo-and-Coasts-of-Africa.txt

k = 3, n = 10
1.000000 0.500000 0.400000 0.500000 0.300000 0.400000 
0.500000 1.000000 0.300000 0.500000 0.200000 0.300000 
0.400000 0.300000 1.000000 0.300000 0.200000 0.300000 
0.500000 0.500000 0.300000 1.000000 0.700000 0.600000 
0.300000 0.200000 0.200000 0.700000 1.000000 0.600000 
0.400000 0.300000 0.300000 0.600000 0.600000 1.000000 

k = 3, n = 100
1.000000 0.310000 0.480000 0.330000 0.230000 0.320000 
0.310000 1.000000 0.330000 0.460000 0.380000 0.400000 
0.480000 0.330000 1.000000 0.420000 0.340000 0.340000 
0.330000 0.460000 0.420000 1.000000 0.450000 0.520000 
0.230000 0.380000 0.340000 0.450000 1.000000 0.570000 
0.320000 0.400000 0.340000 0.520000 0.570000 1.000000 

k = 3, n = 250
1.000000 0.436000 0.456000 0.368000 0.268000 0.320000 
0.436000 1.000000 0.420000 0.404000 0.392000 0.408000 
0.456000 0.420000 1.000000 0.380000 0.276000 0.336000 
0.368000 0.404000 0.380000 1.000000 0.472000 0.536000 
0.268000 0.392000 0.276000 0.472000 1.000000 0.608000 
0.320000 0.408000 0.336000 0.536000 0.608000 1.000000 

k = 3, n = 500
1.000000 0.426000 0.426000 0.368000 0.268000 0.338000 
0.426000 1.000000 0.428000 0.428000 0.390000 0.414000 
0.426000 0.428000 1.000000 0.346000 0.284000 0.282000 
0.368000 0.428000 0.346000 1.000000 0.480000 0.542000 
0.268000 0.390000 0.284000 0.480000 1.000000 0.550000 
0.338000 0.414000 0.282000 0.542000 0.550000 1.000000 

k = 4, n = 10
1.000000 0.100000 0.100000 0.100000 0.000000 0.000000 
0.100000 1.000000 0.300000 0.600000 0.300000 0.300000 
0.100000 0.300000 1.000000 0.200000 0.000000 0.000000 
0.100000 0.600000 0.200000 1.000000 0.400000 0.300000 
0.000000 0.300000 0.000000 0.400000 1.000000 0.300000 
0.000000 0.300000 0.000000 0.300000 0.300000 1.000000 

k = 4, n = 100
1.000000 0.230000 0.250000 0.180000 0.150000 0.150000 
0.230000 1.000000 0.210000 0.270000 0.280000 0.230000 
0.250000 0.210000 1.000000 0.120000 0.140000 0.160000 
0.180000 0.270000 0.120000 1.000000 0.340000 0.370000 
0.150000 0.280000 0.140000 0.340000 1.000000 0.440000 
0.150000 0.230000 0.160000 0.370000 0.440000 1.000000 

k = 4, n = 250
1.000000 0.248000 0.256000 0.164000 0.084000 0.156000 
0.248000 1.000000 0.264000 0.272000 0.224000 0.312000 
0.256000 0.264000 1.000000 0.184000 0.132000 0.164000 
0.164000 0.272000 0.184000 1.000000 0.312000 0.392000 
0.084000 0.224000 0.132000 0.312000 1.000000 0.416000 
0.156000 0.312000 0.164000 0.392000 0.416000 1.000000 

k = 4, n = 500
1.000000 0.248000 0.256000 0.192000 0.124000 0.154000 
0.248000 1.000000 0.234000 0.238000 0.198000 0.248000 
0.256000 0.234000 1.000000 0.188000 0.110000 0.122000 
0.192000 0.238000 0.188000 1.000000 0.322000 0.406000 
0.124000 0.198000 0.110000 0.322000 1.000000 0.466000 
0.154000 0.248000 0.122000 0.406000 0.466000 1.000000 

k = 5, n = 10
1.000000 0.300000 0.100000 0.300000 0.000000 0.100000 
0.300000 1.000000 0.100000 0.300000 0.000000 0.100000 
0.100000 0.100000 1.000000 0.200000 0.000000 0.100000 
0.300000 0.300000 0.200000 1.000000 0.000000 0.200000 
0.000000 0.000000 0.000000 0.000000 1.000000 0.400000 
0.100000 0.100000 0.100000 0.200000 0.400000 1.000000 

k = 5, n = 100
1.000000 0.160000 0.210000 0.120000 0.030000 0.060000 
0.160000 1.000000 0.170000 0.150000 0.080000 0.070000 
0.210000 0.170000 1.000000 0.060000 0.010000 0.040000 
0.120000 0.150000 0.060000 1.000000 0.240000 0.290000 
0.030000 0.080000 0.010000 0.240000 1.000000 0.310000 
0.060000 0.070000 0.040000 0.290000 0.310000 1.000000 

k = 5, n = 250
1.000000 0.124000 0.124000 0.084000 0.036000 0.068000 
0.124000 1.000000 0.104000 0.164000 0.092000 0.100000 
0.124000 0.104000 1.000000 0.072000 0.024000 0.040000 
0.084000 0.164000 0.072000 1.000000 0.172000 0.216000 
0.036000 0.092000 0.024000 0.172000 1.000000 0.320000 
0.068000 0.100000 0.040000 0.216000 0.320000 1.000000 

k = 5, n = 500
1.000000 0.112000 0.146000 0.096000 0.040000 0.056000 
0.112000 1.000000 0.116000 0.144000 0.102000 0.112000 
0.146000 0.116000 1.000000 0.092000 0.032000 0.052000 
0.096000 0.144000 0.092000 1.000000 0.140000 0.214000 
0.040000 0.102000 0.032000 0.140000 1.000000 0.308000 
0.056000 0.112000 0.052000 0.214000 0.308000 1.000000 

k = 6, n = 10
1.000000 0.000000 0.200000 0.000000 0.100000 0.000000 
0.000000 1.000000 0.200000 0.000000 0.000000 0.000000 
0.200000 0.200000 1.000000 0.000000 0.000000 0.000000 
0.000000 0.000000 0.000000 1.000000 0.100000 0.000000 
0.100000 0.000000 0.000000 0.100000 1.000000 0.100000 
0.000000 0.000000 0.000000 0.000000 0.100000 1.000000 

k = 6, n = 100
1.000000 0.060000 0.110000 0.030000 0.010000 0.020000 
0.060000 1.000000 0.090000 0.070000 0.020000 0.050000 
0.110000 0.090000 1.000000 0.050000 0.030000 0.040000 
0.030000 0.070000 0.050000 1.000000 0.090000 0.120000 
0.010000 0.020000 0.030000 0.090000 1.000000 0.230000 
0.020000 0.050000 0.040000 0.120000 0.230000 1.000000 

k = 6, n = 250
1.000000 0.076000 0.080000 0.084000 0.012000 0.020000 
0.076000 1.000000 0.068000 0.140000 0.060000 0.056000 
0.080000 0.068000 1.000000 0.068000 0.004000 0.028000 
0.084000 0.140000 0.068000 1.000000 0.092000 0.120000 
0.012000 0.060000 0.004000 0.092000 1.000000 0.168000 
0.020000 0.056000 0.028000 0.120000 0.168000 1.000000 

k = 6, n = 500
1.000000 0.096000 0.110000 0.048000 0.018000 0.028000 
0.096000 1.000000 0.072000 0.076000 0.056000 0.056000 
0.110000 0.072000 1.000000 0.036000 0.018000 0.024000 
0.048000 0.076000 0.036000 1.000000 0.096000 0.150000 
0.018000 0.056000 0.018000 0.096000 1.000000 0.180000 
0.028000 0.056000 0.024000 0.150000 0.180000 1.000000 

k = 7, n = 10
1.000000 0.300000 0.100000 0.100000 0.000000 0.000000 
0.300000 1.000000 0.200000 0.200000 0.000000 0.000000 
0.100000 0.200000 1.000000 0.000000 0.000000 0.000000 
0.100000 0.200000 0.000000 1.000000 0.000000 0.100000 
0.000000 0.000000 0.000000 0.000000 1.000000 0.000000 
0.000000 0.000000 0.000000 0.100000 0.000000 1.000000 

k = 7, n = 100
1.000000 0.050000 0.080000 0.010000 0.010000 0.010000 
0.050000 1.000000 0.050000 0.030000 0.010000 0.030000 
0.080000 0.050000 1.000000 0.000000 0.000000 0.000000 
0.010000 0.030000 0.000000 1.000000 0.040000 0.030000 
0.010000 0.010000 0.000000 0.040000 1.000000 0.110000 
0.010000 0.030000 0.000000 0.030000 0.110000 1.000000 

k = 7, n = 250
1.000000 0.072000 0.080000 0.048000 0.012000 0.012000 
0.072000 1.000000 0.052000 0.056000 0.044000 0.028000 
0.080000 0.052000 1.000000 0.028000 0.004000 0.012000 
0.048000 0.056000 0.028000 1.000000 0.064000 0.084000 
0.012000 0.044000 0.004000 0.064000 1.000000 0.092000 
0.012000 0.028000 0.012000 0.084000 0.092000 1.000000 

k = 7, n = 500
1.000000 0.072000 0.080000 0.024000 0.010000 0.020000 
0.072000 1.000000 0.062000 0.052000 0.034000 0.038000 
0.080000 0.062000 1.000000 0.020000 0.004000 0.012000 
0.024000 0.052000 0.020000 1.000000 0.068000 0.112000 
0.010000 0.034000 0.004000 0.068000 1.000000 0.104000 
0.020000 0.038000 0.012000 0.112000 0.104000 1.000000 

k = 8, n = 10
1.000000 0.000000 0.100000 0.000000 0.000000 0.000000 
0.000000 1.000000 0.000000 0.000000 0.000000 0.000000 
0.100000 0.000000 1.000000 0.000000 0.000000 0.000000 
0.000000 0.000000 0.000000 1.000000 0.000000 0.100000 
0.000000 0.000000 0.000000 0.000000 1.000000 0.100000 
0.000000 0.000000 0.000000 0.100000 0.100000 1.000000 

k = 8, n = 100
1.000000 0.050000 0.070000 0.020000 0.010000 0.000000 
0.050000 1.000000 0.080000 0.030000 0.030000 0.000000 
0.070000 0.080000 1.000000 0.000000 0.000000 0.000000 
0.020000 0.030000 0.000000 1.000000 0.010000 0.020000 
0.010000 0.030000 0.000000 0.010000 1.000000 0.030000 
0.000000 0.000000 0.000000 0.020000 0.030000 1.000000 

k = 8, n = 250
1.000000 0.048000 0.056000 0.008000 0.004000 0.004000 
0.048000 1.000000 0.056000 0.020000 0.004000 0.024000 
0.056000 0.056000 1.000000 0.008000 0.000000 0.008000 
0.008000 0.020000 0.008000 1.000000 0.028000 0.096000 
0.004000 0.004000 0.000000 0.028000 1.000000 0.040000 
0.004000 0.024000 0.008000 0.096000 0.040000 1.000000 

k = 8, n = 500
1.000000 0.038000 0.044000 0.014000 0.004000 0.006000 
0.038000 1.000000 0.028000 0.024000 0.016000 0.026000 
0.044000 0.028000 1.000000 0.008000 0.004000 0.004000 
0.014000 0.024000 0.008000 1.000000 0.034000 0.060000 
0.004000 0.016000 0.004000 0.034000 1.000000 0.064000 
0.006000 0.026000 0.004000 0.060000 0.064000 1.000000 

k = 9, n = 10
1.000000 0.000000 0.100000 0.000000 0.000000 0.000000 
0.000000 1.000000 0.000000 0.000000 0.000000 0.000000 
0.100000 0.000000 1.000000 0.000000 0.000000 0.000000 
0.000000 0.000000 0.000000 1.000000 0.000000 0.000000 
0.000000 0.000000 0.000000 0.000000 1.000000 0.000000 
0.000000 0.000000 0.000000 0.000000 0.000000 1.000000 

k = 9, n = 100
1.000000 0.030000 0.020000 0.000000 0.000000 0.000000 
0.030000 1.000000 0.020000 0.010000 0.010000 0.020000 
0.020000 0.020000 1.000000 0.000000 0.000000 0.000000 
0.000000 0.010000 0.000000 1.000000 0.010000 0.030000 
0.000000 0.010000 0.000000 0.010000 1.000000 0.000000 
0.000000 0.020000 0.000000 0.030000 0.000000 1.000000 

k = 9, n = 250
1.000000 0.044000 0.044000 0.004000 0.000000 0.004000 
0.044000 1.000000 0.032000 0.008000 0.004000 0.008000 
0.044000 0.032000 1.000000 0.004000 0.000000 0.000000 
0.004000 0.008000 0.004000 1.000000 0.020000 0.028000 
0.000000 0.004000 0.000000 0.020000 1.000000 0.024000 
0.004000 0.008000 0.000000 0.028000 0.024000 1.000000 

k = 9, n = 500
1.000000 0.042000 0.034000 0.006000 0.000000 0.002000 
0.042000 1.000000 0.024000 0.012000 0.004000 0.010000 
0.034000 0.024000 1.000000 0.010000 0.004000 0.006000 
0.006000 0.012000 0.010000 1.000000 0.020000 0.044000 
0.000000 0.004000 0.004000 0.020000 1.000000 0.026000 
0.002000 0.010000 0.006000 0.044000 0.026000 1.000000 

k = 10, n = 10
1.000000 0.000000 0.000000 0.000000 0.000000 0.000000 
0.000000 1.000000 0.000000 0.000000 0.000000 0.000000 
0.000000 0.000000 1.000000 0.000000 0.000000 0.000000 
0.000000 0.000000 0.000000 1.000000 0.000000 0.000000 
0.000000 0.000000 0.000000 0.000000 1.000000 0.000000 
0.000000 0.000000 0.000000 0.000000 0.000000 1.000000 

k = 10, n = 100
1.000000 0.040000 0.070000 0.000000 0.000000 0.000000 
0.040000 1.000000 0.010000 0.000000 0.010000 0.020000 
0.070000 0.010000 1.000000 0.010000 0.000000 0.000000 
0.000000 0.000000 0.010000 1.000000 0.010000 0.000000 
0.000000 0.010000 0.000000 0.010000 1.000000 0.020000 
0.000000 0.020000 0.000000 0.000000 0.020000 1.000000 

k = 10, n = 250
1.000000 0.048000 0.028000 0.000000 0.000000 0.000000 
0.048000 1.000000 0.028000 0.008000 0.004000 0.004000 
0.028000 0.028000 1.000000 0.004000 0.004000 0.000000 
0.000000 0.008000 0.004000 1.000000 0.004000 0.032000 
0.000000 0.004000 0.004000 0.004000 1.000000 0.008000 
0.000000 0.004000 0.000000 0.032000 0.008000 1.000000 

k = 10, n = 500
1.000000 0.030000 0.044000 0.006000 0.000000 0.002000 
0.030000 1.000000 0.020000 0.008000 0.006000 0.008000 
0.044000 0.020000 1.000000 0.002000 0.000000 0.000000 
0.006000 0.008000 0.002000 1.000000 0.010000 0.028000 
0.000000 0.006000 0.000000 0.010000 1.000000 0.022000 
0.002000 0.008000 0.000000 0.028000 0.022000 1.000000 

k = 11, n = 10
1.000000 0.000000 0.000000 0.000000 0.000000 0.000000 
0.000000 1.000000 0.000000 0.000000 0.000000 0.000000 
0.000000 0.000000 1.000000 0.000000 0.000000 0.000000 
0.000000 0.000000 0.000000 1.000000 0.000000 0.000000 
0.000000 0.000000 0.000000 0.000000 1.000000 0.000000 
0.000000 0.000000 0.000000 0.000000 0.000000 1.000000 

k = 11, n = 100
1.000000 0.020000 0.030000 0.010000 0.010000 0.000000 
0.020000 1.000000 0.010000 0.010000 0.020000 0.000000 
0.030000 0.010000 1.000000 0.000000 0.000000 0.000000 
0.010000 0.010000 0.000000 1.000000 0.010000 0.010000 
0.010000 0.020000 0.000000 0.010000 1.000000 0.000000 
0.000000 0.000000 0.000000 0.010000 0.000000 1.000000 

k = 11, n = 250
1.000000 0.020000 0.020000 0.004000 0.000000 0.000000 
0.020000 1.000000 0.008000 0.004000 0.000000 0.000000 
0.020000 0.008000 1.000000 0.000000 0.000000 0.000000 
0.004000 0.004000 0.000000 1.000000 0.004000 0.012000 
0.000000 0.000000 0.000000 0.004000 1.000000 0.000000 
0.000000 0.000000 0.000000 0.012000 0.000000 1.000000 

k = 11, n = 500
1.000000 0.026000 0.032000 0.002000 0.000000 0.000000 
0.026000 1.000000 0.014000 0.004000 0.002000 0.008000 
0.032000 0.014000 1.000000 0.004000 0.000000 0.000000 
0.002000 0.004000 0.004000 1.000000 0.004000 0.018000 
0.000000 0.002000 0.000000 0.004000 1.000000 0.008000 
0.000000 0.008000 0.000000 0.018000 0.008000 1.000000 

k = 12, n = 10
1.000000 0.000000 0.000000 0.000000 0.000000 0.000000 
0.000000 1.000000 0.000000 0.100000 0.000000 0.000000 
0.000000 0.000000 1.000000 0.000000 0.000000 0.000000 
0.000000 0.100000 0.000000 1.000000 0.000000 0.000000 
0.000000 0.000000 0.000000 0.000000 1.000000 0.000000 
0.000000 0.000000 0.000000 0.000000 0.000000 1.000000 

k = 12, n = 100
1.000000 0.010000 0.010000 0.000000 0.000000 0.000000 
0.010000 1.000000 0.000000 0.000000 0.000000 0.000000 
0.010000 0.000000 1.000000 0.000000 0.000000 0.000000 
0.000000 0.000000 0.000000 1.000000 0.000000 0.010000 
0.000000 0.000000 0.000000 0.000000 1.000000 0.010000 
0.000000 0.000000 0.000000 0.010000 0.010000 1.000000 

k = 12, n = 250
1.000000 0.008000 0.020000 0.000000 0.000000 0.000000 
0.008000 1.000000 0.020000 0.004000 0.004000 0.000000 
0.020000 0.020000 1.000000 0.000000 0.000000 0.000000 
0.000000 0.004000 0.000000 1.000000 0.000000 0.008000 
0.000000 0.004000 0.000000 0.000000 1.000000 0.000000 
0.000000 0.000000 0.000000 0.008000 0.000000 1.000000 

k = 12, n = 500
1.000000 0.008000 0.024000 0.000000 0.000000 0.000000 
0.008000 1.000000 0.012000 0.002000 0.002000 0.000000 
0.024000 0.012000 1.000000 0.002000 0.000000 0.000000 
0.000000 0.002000 0.002000 1.000000 0.002000 0.008000 
0.000000 0.002000 0.000000 0.002000 1.000000 0.006000 
0.000000 0.000000 0.000000 0.008000 0.006000 1.000000 

k = 13, n = 10
1.000000 0.000000 0.000000 0.000000 0.000000 0.000000 
0.000000 1.000000 0.000000 0.000000 0.000000 0.000000 
0.000000 0.000000 1.000000 0.000000 0.000000 0.000000 
0.000000 0.000000 0.000000 1.000000 0.000000 0.000000 
0.000000 0.000000 0.000000 0.000000 1.000000 0.000000 
0.000000 0.000000 0.000000 0.000000 0.000000 1.000000 

k = 13, n = 100
1.000000 0.020000 0.010000 0.000000 0.000000 0.000000 
0.020000 1.000000 0.010000 0.000000 0.000000 0.000000 
0.010000 0.010000 1.000000 0.000000 0.000000 0.000000 
0.000000 0.000000 0.000000 1.000000 0.000000 0.010000 
0.000000 0.000000 0.000000 0.000000 1.000000 0.000000 
0.000000 0.000000 0.000000 0.010000 0.000000 1.000000 

k = 13, n = 250
1.000000 0.012000 0.020000 0.000000 0.000000 0.000000 
0.012000 1.000000 0.000000 0.004000 0.000000 0.000000 
0.020000 0.000000 1.000000 0.000000 0.000000 0.000000 
0.000000 0.004000 0.000000 1.000000 0.004000 0.008000 
0.000000 0.000000 0.000000 0.004000 1.000000 0.000000 
0.000000 0.000000 0.000000 0.008000 0.000000 1.000000 

k = 13, n = 500
1.000000 0.008000 0.022000 0.000000 0.000000 0.002000 
0.008000 1.000000 0.004000 0.004000 0.000000 0.000000 
0.022000 0.004000 1.000000 0.000000 0.000000 0.000000 
0.000000 0.004000 0.000000 1.000000 0.002000 0.014000 
0.000000 0.000000 0.000000 0.002000 1.000000 0.002000 
0.002000 0.000000 0.000000 0.014000 0.002000 1.000000 

k = 14, n = 10
1.000000 0.000000 0.000000 0.000000 0.000000 0.000000 
0.000000 1.000000 0.000000 0.000000 0.000000 0.000000 
0.000000 0.000000 1.000000 0.000000 0.000000 0.000000 
0.000000 0.000000 0.000000 1.000000 0.000000 0.000000 
0.000000 0.000000 0.000000 0.000000 1.000000 0.000000 
0.000000 0.000000 0.000000 0.000000 0.000000 1.000000 

k = 14, n = 100
1.000000 0.000000 0.020000 0.000000 0.000000 0.000000 
0.000000 1.000000 0.010000 0.000000 0.000000 0.000000 
0.020000 0.010000 1.000000 0.000000 0.000000 0.000000 
0.000000 0.000000 0.000000 1.000000 0.000000 0.020000 
0.000000 0.000000 0.000000 0.000000 1.000000 0.000000 
0.000000 0.000000 0.000000 0.020000 0.000000 1.000000 

k = 14, n = 250
1.000000 0.008000 0.012000 0.000000 0.000000 0.000000 
0.008000 1.000000 0.004000 0.000000 0.000000 0.000000 
0.012000 0.004000 1.000000 0.000000 0.000000 0.000000 
0.000000 0.000000 0.000000 1.000000 0.000000 0.020000 
0.000000 0.000000 0.000000 0.000000 1.000000 0.004000 
0.000000 0.000000 0.000000 0.020000 0.004000 1.000000 

k = 14, n = 500
1.000000 0.018000 0.008000 0.000000 0.000000 0.000000 
0.018000 1.000000 0.010000 0.000000 0.000000 0.000000 
0.008000 0.010000 1.000000 0.000000 0.000000 0.000000 
0.000000 0.000000 0.000000 1.000000 0.000000 0.006000 
0.000000 0.000000 0.000000 0.000000 1.000000 0.002000 
0.000000 0.000000 0.000000 0.006000 0.002000 1.000000 

