The files are: 
Cassidy2011 - Generalized Thermalization in an Integrable Lattice System.txt
Bulchandani2022 - Onset of Many Body Quantum Chaos Due to Breaking Integrability.txt
Mierzejewski2014 - Breakdown of the Generalized Gibbs Ensemble for Current Generating Quenches.txt
Mallayya2019 - Prethermalization and Thermalization in Isolated Quantum Systems.txt
Ilievski2018 - Superdiffusion in One Dimensional Quantum Lattice Models.txt
declaration-of-independence.txt
Herbert-Dune.txt
The-Congo-and-Coasts-of-Africa.txt
A Modern Introduction to Quantum Field Theory.txt
king-james-bible.txt

k = 3, n = 10
1.000000 0.200000 0.500000 0.200000 0.400000 0.400000 0.200000 0.200000 0.100000 0.000000 
0.200000 1.000000 0.300000 0.300000 0.300000 0.500000 0.600000 0.400000 0.300000 0.500000 
0.500000 0.300000 1.000000 0.500000 0.700000 0.300000 0.400000 0.400000 0.200000 0.200000 
0.200000 0.300000 0.500000 1.000000 0.400000 0.200000 0.400000 0.300000 0.400000 0.400000 
0.400000 0.300000 0.700000 0.400000 1.000000 0.400000 0.300000 0.400000 0.300000 0.100000 
0.400000 0.500000 0.300000 0.200000 0.400000 1.000000 0.500000 0.400000 0.300000 0.300000 
0.200000 0.600000 0.400000 0.400000 0.300000 0.500000 1.000000 0.700000 0.400000 0.500000 
0.200000 0.400000 0.400000 0.300000 0.400000 0.400000 0.700000 1.000000 0.400000 0.400000 
0.100000 0.300000 0.200000 0.400000 0.300000 0.300000 0.400000 0.400000 1.000000 0.400000 
0.000000 0.500000 0.200000 0.400000 0.100000 0.300000 0.500000 0.400000 0.400000 1.000000 

k = 3, n = 100
1.000000 0.380000 0.490000 0.450000 0.430000 0.360000 0.240000 0.290000 0.270000 0.270000 
0.380000 1.000000 0.420000 0.510000 0.450000 0.440000 0.430000 0.480000 0.400000 0.420000 
0.490000 0.420000 1.000000 0.480000 0.420000 0.400000 0.320000 0.340000 0.290000 0.310000 
0.450000 0.510000 0.480000 1.000000 0.380000 0.340000 0.380000 0.380000 0.400000 0.400000 
0.430000 0.450000 0.420000 0.380000 1.000000 0.370000 0.360000 0.400000 0.360000 0.330000 
0.360000 0.440000 0.400000 0.340000 0.370000 1.000000 0.460000 0.520000 0.340000 0.420000 
0.240000 0.430000 0.320000 0.380000 0.360000 0.460000 1.000000 0.650000 0.440000 0.580000 
0.290000 0.480000 0.340000 0.380000 0.400000 0.520000 0.650000 1.000000 0.420000 0.550000 
0.270000 0.400000 0.290000 0.400000 0.360000 0.340000 0.440000 0.420000 1.000000 0.530000 
0.270000 0.420000 0.310000 0.400000 0.330000 0.420000 0.580000 0.550000 0.530000 1.000000 

k = 3, n = 250
1.000000 0.420000 0.444000 0.488000 0.476000 0.388000 0.280000 0.348000 0.296000 0.284000 
0.420000 1.000000 0.424000 0.516000 0.536000 0.456000 0.356000 0.444000 0.412000 0.412000 
0.444000 0.424000 1.000000 0.496000 0.476000 0.364000 0.308000 0.348000 0.316000 0.328000 
0.488000 0.516000 0.496000 1.000000 0.568000 0.420000 0.364000 0.448000 0.436000 0.400000 
0.476000 0.536000 0.476000 0.568000 1.000000 0.412000 0.352000 0.412000 0.380000 0.384000 
0.388000 0.456000 0.364000 0.420000 0.412000 1.000000 0.420000 0.528000 0.384000 0.436000 
0.280000 0.356000 0.308000 0.364000 0.352000 0.420000 1.000000 0.584000 0.352000 0.564000 
0.348000 0.444000 0.348000 0.448000 0.412000 0.528000 0.584000 1.000000 0.428000 0.576000 
0.296000 0.412000 0.316000 0.436000 0.380000 0.384000 0.352000 0.428000 1.000000 0.488000 
0.284000 0.412000 0.328000 0.400000 0.384000 0.436000 0.564000 0.576000 0.488000 1.000000 

k = 3, n = 500
1.000000 0.374000 0.446000 0.478000 0.414000 0.384000 0.260000 0.300000 0.308000 0.274000 
0.374000 1.000000 0.436000 0.530000 0.476000 0.454000 0.362000 0.406000 0.458000 0.416000 
0.446000 0.436000 1.000000 0.488000 0.488000 0.402000 0.284000 0.322000 0.342000 0.326000 
0.478000 0.530000 0.488000 1.000000 0.514000 0.422000 0.338000 0.368000 0.432000 0.404000 
0.414000 0.476000 0.488000 0.514000 1.000000 0.474000 0.328000 0.382000 0.400000 0.384000 
0.384000 0.454000 0.402000 0.422000 0.474000 1.000000 0.460000 0.534000 0.350000 0.438000 
0.260000 0.362000 0.284000 0.338000 0.328000 0.460000 1.000000 0.610000 0.368000 0.554000 
0.300000 0.406000 0.322000 0.368000 0.382000 0.534000 0.610000 1.000000 0.368000 0.538000 
0.308000 0.458000 0.342000 0.432000 0.400000 0.350000 0.368000 0.368000 1.000000 0.502000 
0.274000 0.416000 0.326000 0.404000 0.384000 0.438000 0.554000 0.538000 0.502000 1.000000 

k = 4, n = 10
1.000000 0.100000 0.000000 0.100000 0.200000 0.100000 0.100000 0.100000 0.000000 0.100000 
0.100000 1.000000 0.200000 0.200000 0.200000 0.300000 0.100000 0.100000 0.100000 0.000000 
0.000000 0.200000 1.000000 0.100000 0.100000 0.300000 0.200000 0.200000 0.200000 0.300000 
0.100000 0.200000 0.100000 1.000000 0.300000 0.100000 0.100000 0.100000 0.000000 0.100000 
0.200000 0.200000 0.100000 0.300000 1.000000 0.100000 0.000000 0.000000 0.000000 0.000000 
0.100000 0.300000 0.300000 0.100000 0.100000 1.000000 0.200000 0.300000 0.200000 0.200000 
0.100000 0.100000 0.200000 0.100000 0.000000 0.200000 1.000000 0.500000 0.400000 0.400000 
0.100000 0.100000 0.200000 0.100000 0.000000 0.300000 0.500000 1.000000 0.200000 0.300000 
0.000000 0.100000 0.200000 0.000000 0.000000 0.200000 0.400000 0.200000 1.000000 0.200000 
0.100000 0.000000 0.300000 0.100000 0.000000 0.200000 0.400000 0.300000 0.200000 1.000000 

k = 4, n = 100
1.000000 0.270000 0.360000 0.300000 0.280000 0.170000 0.160000 0.140000 0.150000 0.090000 
0.270000 1.000000 0.310000 0.430000 0.310000 0.270000 0.260000 0.220000 0.270000 0.170000 
0.360000 0.310000 1.000000 0.360000 0.280000 0.190000 0.170000 0.150000 0.150000 0.110000 
0.300000 0.430000 0.360000 1.000000 0.310000 0.270000 0.240000 0.170000 0.240000 0.160000 
0.280000 0.310000 0.280000 0.310000 1.000000 0.240000 0.190000 0.200000 0.180000 0.100000 
0.170000 0.270000 0.190000 0.270000 0.240000 1.000000 0.290000 0.380000 0.220000 0.250000 
0.160000 0.260000 0.170000 0.240000 0.190000 0.290000 1.000000 0.390000 0.300000 0.370000 
0.140000 0.220000 0.150000 0.170000 0.200000 0.380000 0.390000 1.000000 0.250000 0.360000 
0.150000 0.270000 0.150000 0.240000 0.180000 0.220000 0.300000 0.250000 1.000000 0.230000 
0.090000 0.170000 0.110000 0.160000 0.100000 0.250000 0.370000 0.360000 0.230000 1.000000 

k = 4, n = 250
1.000000 0.208000 0.260000 0.228000 0.260000 0.204000 0.108000 0.152000 0.124000 0.068000 
0.208000 1.000000 0.196000 0.296000 0.240000 0.264000 0.200000 0.196000 0.236000 0.176000 
0.260000 0.196000 1.000000 0.248000 0.260000 0.184000 0.116000 0.108000 0.116000 0.088000 
0.228000 0.296000 0.248000 1.000000 0.252000 0.260000 0.188000 0.208000 0.228000 0.148000 
0.260000 0.240000 0.260000 0.252000 1.000000 0.232000 0.148000 0.168000 0.128000 0.116000 
0.204000 0.264000 0.184000 0.260000 0.232000 1.000000 0.328000 0.388000 0.200000 0.208000 
0.108000 0.200000 0.116000 0.188000 0.148000 0.328000 1.000000 0.432000 0.216000 0.392000 
0.152000 0.196000 0.108000 0.208000 0.168000 0.388000 0.432000 1.000000 0.212000 0.304000 
0.124000 0.236000 0.116000 0.228000 0.128000 0.200000 0.216000 0.212000 1.000000 0.300000 
0.068000 0.176000 0.088000 0.148000 0.116000 0.208000 0.392000 0.304000 0.300000 1.000000 

k = 4, n = 500
1.000000 0.252000 0.270000 0.232000 0.228000 0.208000 0.102000 0.144000 0.126000 0.098000 
0.252000 1.000000 0.278000 0.354000 0.280000 0.302000 0.202000 0.270000 0.240000 0.192000 
0.270000 0.278000 1.000000 0.262000 0.278000 0.210000 0.118000 0.154000 0.166000 0.102000 
0.232000 0.354000 0.262000 1.000000 0.274000 0.268000 0.162000 0.228000 0.240000 0.172000 
0.228000 0.280000 0.278000 0.274000 1.000000 0.234000 0.124000 0.190000 0.184000 0.138000 
0.208000 0.302000 0.210000 0.268000 0.234000 1.000000 0.284000 0.404000 0.222000 0.238000 
0.102000 0.202000 0.118000 0.162000 0.124000 0.284000 1.000000 0.412000 0.242000 0.366000 
0.144000 0.270000 0.154000 0.228000 0.190000 0.404000 0.412000 1.000000 0.256000 0.324000 
0.126000 0.240000 0.166000 0.240000 0.184000 0.222000 0.242000 0.256000 1.000000 0.310000 
0.098000 0.192000 0.102000 0.172000 0.138000 0.238000 0.366000 0.324000 0.310000 1.000000 

k = 5, n = 10
1.000000 0.200000 0.100000 0.200000 0.000000 0.100000 0.100000 0.000000 0.000000 0.000000 
0.200000 1.000000 0.300000 0.100000 0.200000 0.200000 0.200000 0.000000 0.100000 0.100000 
0.100000 0.300000 1.000000 0.200000 0.100000 0.100000 0.300000 0.000000 0.100000 0.100000 
0.200000 0.100000 0.200000 1.000000 0.000000 0.000000 0.000000 0.000000 0.000000 0.000000 
0.000000 0.200000 0.100000 0.000000 1.000000 0.200000 0.100000 0.000000 0.200000 0.100000 
0.100000 0.200000 0.100000 0.000000 0.200000 1.000000 0.100000 0.100000 0.100000 0.200000 
0.100000 0.200000 0.300000 0.000000 0.100000 0.100000 1.000000 0.200000 0.400000 0.400000 
0.000000 0.000000 0.000000 0.000000 0.000000 0.100000 0.200000 1.000000 0.100000 0.100000 
0.000000 0.100000 0.100000 0.000000 0.200000 0.100000 0.400000 0.100000 1.000000 0.400000 
0.000000 0.100000 0.100000 0.000000 0.100000 0.200000 0.400000 0.100000 0.400000 1.000000 

k = 5, n = 100
1.000000 0.110000 0.130000 0.160000 0.130000 0.100000 0.050000 0.030000 0.050000 0.010000 
0.110000 1.000000 0.130000 0.230000 0.110000 0.130000 0.160000 0.120000 0.080000 0.060000 
0.130000 0.130000 1.000000 0.140000 0.120000 0.100000 0.050000 0.030000 0.040000 0.020000 
0.160000 0.230000 0.140000 1.000000 0.090000 0.120000 0.080000 0.080000 0.110000 0.050000 
0.130000 0.110000 0.120000 0.090000 1.000000 0.100000 0.070000 0.100000 0.020000 0.010000 
0.100000 0.130000 0.100000 0.120000 0.100000 1.000000 0.210000 0.260000 0.110000 0.120000 
0.050000 0.160000 0.050000 0.080000 0.070000 0.210000 1.000000 0.290000 0.100000 0.250000 
0.030000 0.120000 0.030000 0.080000 0.100000 0.260000 0.290000 1.000000 0.110000 0.210000 
0.050000 0.080000 0.040000 0.110000 0.020000 0.110000 0.100000 0.110000 1.000000 0.140000 
0.010000 0.060000 0.020000 0.050000 0.010000 0.120000 0.250000 0.210000 0.140000 1.000000 

k = 5, n = 250
1.000000 0.160000 0.132000 0.168000 0.108000 0.124000 0.032000 0.064000 0.048000 0.028000 
0.160000 1.000000 0.112000 0.252000 0.184000 0.172000 0.120000 0.108000 0.112000 0.060000 
0.132000 0.112000 1.000000 0.164000 0.140000 0.084000 0.028000 0.080000 0.068000 0.036000 
0.168000 0.252000 0.164000 1.000000 0.176000 0.180000 0.068000 0.104000 0.116000 0.044000 
0.108000 0.184000 0.140000 0.176000 1.000000 0.108000 0.068000 0.080000 0.108000 0.052000 
0.124000 0.172000 0.084000 0.180000 0.108000 1.000000 0.136000 0.224000 0.092000 0.104000 
0.032000 0.120000 0.028000 0.068000 0.068000 0.136000 1.000000 0.316000 0.140000 0.228000 
0.064000 0.108000 0.080000 0.104000 0.080000 0.224000 0.316000 1.000000 0.128000 0.204000 
0.048000 0.112000 0.068000 0.116000 0.108000 0.092000 0.140000 0.128000 1.000000 0.156000 
0.028000 0.060000 0.036000 0.044000 0.052000 0.104000 0.228000 0.204000 0.156000 1.000000 

k = 5, n = 500
1.000000 0.118000 0.172000 0.130000 0.132000 0.110000 0.054000 0.086000 0.068000 0.032000 
0.118000 1.000000 0.102000 0.200000 0.162000 0.158000 0.122000 0.158000 0.140000 0.068000 
0.172000 0.102000 1.000000 0.130000 0.152000 0.092000 0.042000 0.060000 0.084000 0.028000 
0.130000 0.200000 0.130000 1.000000 0.152000 0.132000 0.116000 0.134000 0.160000 0.068000 
0.132000 0.162000 0.152000 0.152000 1.000000 0.126000 0.076000 0.100000 0.098000 0.058000 
0.110000 0.158000 0.092000 0.132000 0.126000 1.000000 0.198000 0.250000 0.140000 0.114000 
0.054000 0.122000 0.042000 0.116000 0.076000 0.198000 1.000000 0.324000 0.166000 0.254000 
0.086000 0.158000 0.060000 0.134000 0.100000 0.250000 0.324000 1.000000 0.150000 0.202000 
0.068000 0.140000 0.084000 0.160000 0.098000 0.140000 0.166000 0.150000 1.000000 0.174000 
0.032000 0.068000 0.028000 0.068000 0.058000 0.114000 0.254000 0.202000 0.174000 1.000000 

k = 6, n = 10
1.000000 0.200000 0.100000 0.200000 0.400000 0.100000 0.100000 0.200000 0.100000 0.100000 
0.200000 1.000000 0.100000 0.400000 0.200000 0.400000 0.100000 0.300000 0.300000 0.100000 
0.100000 0.100000 1.000000 0.100000 0.200000 0.200000 0.200000 0.100000 0.100000 0.100000 
0.200000 0.400000 0.100000 1.000000 0.200000 0.400000 0.100000 0.300000 0.300000 0.200000 
0.400000 0.200000 0.200000 0.200000 1.000000 0.100000 0.100000 0.200000 0.100000 0.100000 
0.100000 0.400000 0.200000 0.400000 0.100000 1.000000 0.200000 0.300000 0.300000 0.200000 
0.100000 0.100000 0.200000 0.100000 0.100000 0.200000 1.000000 0.200000 0.100000 0.400000 
0.200000 0.300000 0.100000 0.300000 0.200000 0.300000 0.200000 1.000000 0.200000 0.200000 
0.100000 0.300000 0.100000 0.300000 0.100000 0.300000 0.100000 0.200000 1.000000 0.100000 
0.100000 0.100000 0.100000 0.200000 0.100000 0.200000 0.400000 0.200000 0.100000 1.000000 

k = 6, n = 100
1.000000 0.100000 0.080000 0.110000 0.080000 0.020000 0.030000 0.020000 0.050000 0.000000 
0.100000 1.000000 0.060000 0.140000 0.120000 0.110000 0.050000 0.060000 0.060000 0.010000 
0.080000 0.060000 1.000000 0.050000 0.090000 0.010000 0.010000 0.000000 0.000000 0.000000 
0.110000 0.140000 0.050000 1.000000 0.120000 0.070000 0.060000 0.060000 0.040000 0.000000 
0.080000 0.120000 0.090000 0.120000 1.000000 0.050000 0.070000 0.050000 0.040000 0.010000 
0.020000 0.110000 0.010000 0.070000 0.050000 1.000000 0.090000 0.100000 0.040000 0.040000 
0.030000 0.050000 0.010000 0.060000 0.070000 0.090000 1.000000 0.140000 0.050000 0.120000 
0.020000 0.060000 0.000000 0.060000 0.050000 0.100000 0.140000 1.000000 0.060000 0.070000 
0.050000 0.060000 0.000000 0.040000 0.040000 0.040000 0.050000 0.060000 1.000000 0.010000 
0.000000 0.010000 0.000000 0.000000 0.010000 0.040000 0.120000 0.070000 0.010000 1.000000 

k = 6, n = 250
1.000000 0.072000 0.116000 0.088000 0.064000 0.068000 0.032000 0.044000 0.028000 0.016000 
0.072000 1.000000 0.092000 0.112000 0.072000 0.116000 0.072000 0.092000 0.076000 0.028000 
0.116000 0.092000 1.000000 0.116000 0.116000 0.052000 0.024000 0.020000 0.020000 0.012000 
0.088000 0.112000 0.116000 1.000000 0.064000 0.064000 0.044000 0.036000 0.044000 0.028000 
0.064000 0.072000 0.116000 0.064000 1.000000 0.052000 0.020000 0.040000 0.032000 0.004000 
0.068000 0.116000 0.052000 0.064000 0.052000 1.000000 0.088000 0.176000 0.060000 0.048000 
0.032000 0.072000 0.024000 0.044000 0.020000 0.088000 1.000000 0.196000 0.108000 0.176000 
0.044000 0.092000 0.020000 0.036000 0.040000 0.176000 0.196000 1.000000 0.092000 0.120000 
0.028000 0.076000 0.020000 0.044000 0.032000 0.060000 0.108000 0.092000 1.000000 0.084000 
0.016000 0.028000 0.012000 0.028000 0.004000 0.048000 0.176000 0.120000 0.084000 1.000000 

k = 6, n = 500
1.000000 0.070000 0.102000 0.088000 0.088000 0.036000 0.024000 0.016000 0.032000 0.010000 
0.070000 1.000000 0.070000 0.118000 0.074000 0.070000 0.054000 0.054000 0.090000 0.028000 
0.102000 0.070000 1.000000 0.092000 0.104000 0.040000 0.028000 0.014000 0.054000 0.014000 
0.088000 0.118000 0.092000 1.000000 0.098000 0.084000 0.056000 0.058000 0.074000 0.022000 
0.088000 0.074000 0.104000 0.098000 1.000000 0.072000 0.044000 0.038000 0.054000 0.018000 
0.036000 0.070000 0.040000 0.084000 0.072000 1.000000 0.130000 0.142000 0.074000 0.046000 
0.024000 0.054000 0.028000 0.056000 0.044000 0.130000 1.000000 0.166000 0.104000 0.172000 
0.016000 0.054000 0.014000 0.058000 0.038000 0.142000 0.166000 1.000000 0.070000 0.090000 
0.032000 0.090000 0.054000 0.074000 0.054000 0.074000 0.104000 0.070000 1.000000 0.058000 
0.010000 0.028000 0.014000 0.022000 0.018000 0.046000 0.172000 0.090000 0.058000 1.000000 

k = 7, n = 10
1.000000 0.000000 0.100000 0.100000 0.000000 0.100000 0.000000 0.000000 0.000000 0.000000 
0.000000 1.000000 0.100000 0.200000 0.000000 0.000000 0.100000 0.000000 0.100000 0.000000 
0.100000 0.100000 1.000000 0.100000 0.000000 0.300000 0.100000 0.200000 0.000000 0.000000 
0.100000 0.200000 0.100000 1.000000 0.000000 0.000000 0.000000 0.000000 0.000000 0.000000 
0.000000 0.000000 0.000000 0.000000 1.000000 0.000000 0.000000 0.000000 0.000000 0.000000 
0.100000 0.000000 0.300000 0.000000 0.000000 1.000000 0.200000 0.400000 0.000000 0.000000 
0.000000 0.100000 0.100000 0.000000 0.000000 0.200000 1.000000 0.300000 0.100000 0.100000 
0.000000 0.000000 0.200000 0.000000 0.000000 0.400000 0.300000 1.000000 0.000000 0.100000 
0.000000 0.100000 0.000000 0.000000 0.000000 0.000000 0.100000 0.000000 1.000000 0.100000 
0.000000 0.000000 0.000000 0.000000 0.000000 0.000000 0.100000 0.100000 0.100000 1.000000 

k = 7, n = 100
1.000000 0.080000 0.130000 0.090000 0.080000 0.030000 0.040000 0.040000 0.030000 0.020000 
0.080000 1.000000 0.080000 0.110000 0.100000 0.070000 0.050000 0.050000 0.080000 0.030000 
0.130000 0.080000 1.000000 0.070000 0.130000 0.060000 0.040000 0.030000 0.030000 0.020000 
0.090000 0.110000 0.070000 1.000000 0.100000 0.090000 0.040000 0.040000 0.060000 0.030000 
0.080000 0.100000 0.130000 0.100000 1.000000 0.040000 0.040000 0.060000 0.050000 0.030000 
0.030000 0.070000 0.060000 0.090000 0.040000 1.000000 0.140000 0.130000 0.070000 0.020000 
0.040000 0.050000 0.040000 0.040000 0.040000 0.140000 1.000000 0.110000 0.080000 0.110000 
0.040000 0.050000 0.030000 0.040000 0.060000 0.130000 0.110000 1.000000 0.070000 0.080000 
0.030000 0.080000 0.030000 0.060000 0.050000 0.070000 0.080000 0.070000 1.000000 0.040000 
0.020000 0.030000 0.020000 0.030000 0.030000 0.020000 0.110000 0.080000 0.040000 1.000000 

k = 7, n = 250
1.000000 0.056000 0.092000 0.060000 0.072000 0.024000 0.000000 0.012000 0.044000 0.000000 
0.056000 1.000000 0.040000 0.128000 0.100000 0.048000 0.012000 0.044000 0.088000 0.012000 
0.092000 0.040000 1.000000 0.052000 0.108000 0.040000 0.008000 0.016000 0.024000 0.004000 
0.060000 0.128000 0.052000 1.000000 0.092000 0.032000 0.008000 0.048000 0.072000 0.004000 
0.072000 0.100000 0.108000 0.092000 1.000000 0.032000 0.012000 0.020000 0.048000 0.008000 
0.024000 0.048000 0.040000 0.032000 0.032000 1.000000 0.044000 0.084000 0.060000 0.020000 
0.000000 0.012000 0.008000 0.008000 0.012000 0.044000 1.000000 0.084000 0.048000 0.120000 
0.012000 0.044000 0.016000 0.048000 0.020000 0.084000 0.084000 1.000000 0.052000 0.036000 
0.044000 0.088000 0.024000 0.072000 0.048000 0.060000 0.048000 0.052000 1.000000 0.032000 
0.000000 0.012000 0.004000 0.004000 0.008000 0.020000 0.120000 0.036000 0.032000 1.000000 

k = 7, n = 500
1.000000 0.056000 0.072000 0.072000 0.068000 0.028000 0.006000 0.016000 0.014000 0.004000 
0.056000 1.000000 0.060000 0.088000 0.090000 0.040000 0.026000 0.034000 0.062000 0.018000 
0.072000 0.060000 1.000000 0.080000 0.088000 0.026000 0.004000 0.012000 0.018000 0.002000 
0.072000 0.088000 0.080000 1.000000 0.062000 0.024000 0.014000 0.022000 0.034000 0.006000 
0.068000 0.090000 0.088000 0.062000 1.000000 0.030000 0.014000 0.018000 0.026000 0.002000 
0.028000 0.040000 0.026000 0.024000 0.030000 1.000000 0.042000 0.086000 0.024000 0.038000 
0.006000 0.026000 0.004000 0.014000 0.014000 0.042000 1.000000 0.106000 0.068000 0.090000 
0.016000 0.034000 0.012000 0.022000 0.018000 0.086000 0.106000 1.000000 0.050000 0.052000 
0.014000 0.062000 0.018000 0.034000 0.026000 0.024000 0.068000 0.050000 1.000000 0.026000 
0.004000 0.018000 0.002000 0.006000 0.002000 0.038000 0.090000 0.052000 0.026000 1.000000 

k = 8, n = 10
1.000000 0.100000 0.100000 0.100000 0.100000 0.000000 0.000000 0.000000 0.000000 0.000000 
0.100000 1.000000 0.000000 0.100000 0.200000 0.000000 0.000000 0.000000 0.000000 0.000000 
0.100000 0.000000 1.000000 0.000000 0.000000 0.000000 0.000000 0.000000 0.000000 0.000000 
0.100000 0.100000 0.000000 1.000000 0.200000 0.000000 0.000000 0.000000 0.000000 0.000000 
0.100000 0.200000 0.000000 0.200000 1.000000 0.000000 0.000000 0.000000 0.000000 0.000000 
0.000000 0.000000 0.000000 0.000000 0.000000 1.000000 0.000000 0.100000 0.000000 0.000000 
0.000000 0.000000 0.000000 0.000000 0.000000 0.000000 1.000000 0.100000 0.000000 0.000000 
0.000000 0.000000 0.000000 0.000000 0.000000 0.100000 0.100000 1.000000 0.000000 0.000000 
0.000000 0.000000 0.000000 0.000000 0.000000 0.000000 0.000000 0.000000 1.000000 0.000000 
0.000000 0.000000 0.000000 0.000000 0.000000 0.000000 0.000000 0.000000 0.000000 1.000000 

k = 8, n = 100
1.000000 0.030000 0.030000 0.040000 0.030000 0.020000 0.000000 0.000000 0.000000 0.000000 
0.030000 1.000000 0.020000 0.040000 0.060000 0.030000 0.020000 0.020000 0.030000 0.000000 
0.030000 0.020000 1.000000 0.060000 0.060000 0.010000 0.000000 0.010000 0.000000 0.000000 
0.040000 0.040000 0.060000 1.000000 0.050000 0.000000 0.000000 0.020000 0.020000 0.000000 
0.030000 0.060000 0.060000 0.050000 1.000000 0.040000 0.000000 0.010000 0.000000 0.000000 
0.020000 0.030000 0.010000 0.000000 0.040000 1.000000 0.040000 0.020000 0.010000 0.010000 
0.000000 0.020000 0.000000 0.000000 0.000000 0.040000 1.000000 0.020000 0.050000 0.080000 
0.000000 0.020000 0.010000 0.020000 0.010000 0.020000 0.020000 1.000000 0.020000 0.030000 
0.000000 0.030000 0.000000 0.020000 0.000000 0.010000 0.050000 0.020000 1.000000 0.030000 
0.000000 0.000000 0.000000 0.000000 0.000000 0.010000 0.080000 0.030000 0.030000 1.000000 

k = 8, n = 250
1.000000 0.044000 0.068000 0.048000 0.040000 0.012000 0.008000 0.008000 0.016000 0.004000 
0.044000 1.000000 0.004000 0.056000 0.036000 0.028000 0.024000 0.008000 0.044000 0.004000 
0.068000 0.004000 1.000000 0.044000 0.052000 0.012000 0.000000 0.008000 0.016000 0.004000 
0.048000 0.056000 0.044000 1.000000 0.044000 0.016000 0.020000 0.020000 0.044000 0.000000 
0.040000 0.036000 0.052000 0.044000 1.000000 0.016000 0.004000 0.004000 0.012000 0.000000 
0.012000 0.028000 0.012000 0.016000 0.016000 1.000000 0.016000 0.012000 0.020000 0.008000 
0.008000 0.024000 0.000000 0.020000 0.004000 0.016000 1.000000 0.060000 0.040000 0.048000 
0.008000 0.008000 0.008000 0.020000 0.004000 0.012000 0.060000 1.000000 0.020000 0.028000 
0.016000 0.044000 0.016000 0.044000 0.012000 0.020000 0.040000 0.020000 1.000000 0.016000 
0.004000 0.004000 0.004000 0.000000 0.000000 0.008000 0.048000 0.028000 0.016000 1.000000 

k = 8, n = 500
1.000000 0.048000 0.060000 0.054000 0.036000 0.016000 0.006000 0.004000 0.008000 0.000000 
0.048000 1.000000 0.042000 0.090000 0.058000 0.020000 0.016000 0.018000 0.058000 0.008000 
0.060000 0.042000 1.000000 0.052000 0.070000 0.006000 0.004000 0.008000 0.018000 0.000000 
0.054000 0.090000 0.052000 1.000000 0.062000 0.032000 0.014000 0.012000 0.044000 0.000000 
0.036000 0.058000 0.070000 0.062000 1.000000 0.026000 0.010000 0.010000 0.022000 0.000000 
0.016000 0.020000 0.006000 0.032000 0.026000 1.000000 0.034000 0.054000 0.026000 0.012000 
0.006000 0.016000 0.004000 0.014000 0.010000 0.034000 1.000000 0.078000 0.036000 0.072000 
0.004000 0.018000 0.008000 0.012000 0.010000 0.054000 0.078000 1.000000 0.034000 0.032000 
0.008000 0.058000 0.018000 0.044000 0.022000 0.026000 0.036000 0.034000 1.000000 0.006000 
0.000000 0.008000 0.000000 0.000000 0.000000 0.012000 0.072000 0.032000 0.006000 1.000000 

k = 9, n = 10
1.000000 0.100000 0.000000 0.000000 0.000000 0.000000 0.000000 0.000000 0.000000 0.000000 
0.100000 1.000000 0.000000 0.000000 0.000000 0.000000 0.000000 0.000000 0.100000 0.000000 
0.000000 0.000000 1.000000 0.000000 0.000000 0.000000 0.000000 0.000000 0.000000 0.000000 
0.000000 0.000000 0.000000 1.000000 0.000000 0.000000 0.100000 0.000000 0.100000 0.000000 
0.000000 0.000000 0.000000 0.000000 1.000000 0.000000 0.100000 0.000000 0.000000 0.100000 
0.000000 0.000000 0.000000 0.000000 0.000000 1.000000 0.000000 0.000000 0.000000 0.000000 
0.000000 0.000000 0.000000 0.100000 0.100000 0.000000 1.000000 0.000000 0.100000 0.100000 
0.000000 0.000000 0.000000 0.000000 0.000000 0.000000 0.000000 1.000000 0.000000 0.000000 
0.000000 0.100000 0.000000 0.100000 0.000000 0.000000 0.100000 0.000000 1.000000 0.000000 
0.000000 0.000000 0.000000 0.000000 0.100000 0.000000 0.100000 0.000000 0.000000 1.000000 

k = 9, n = 100
1.000000 0.020000 0.020000 0.020000 0.020000 0.010000 0.010000 0.000000 0.000000 0.000000 
0.020000 1.000000 0.030000 0.080000 0.050000 0.010000 0.020000 0.020000 0.030000 0.010000 
0.020000 0.030000 1.000000 0.040000 0.040000 0.020000 0.000000 0.000000 0.010000 0.000000 
0.020000 0.080000 0.040000 1.000000 0.030000 0.010000 0.010000 0.010000 0.040000 0.000000 
0.020000 0.050000 0.040000 0.030000 1.000000 0.020000 0.000000 0.000000 0.000000 0.000000 
0.010000 0.010000 0.020000 0.010000 0.020000 1.000000 0.020000 0.010000 0.010000 0.010000 
0.010000 0.020000 0.000000 0.010000 0.000000 0.020000 1.000000 0.020000 0.020000 0.050000 
0.000000 0.020000 0.000000 0.010000 0.000000 0.010000 0.020000 1.000000 0.000000 0.020000 
0.000000 0.030000 0.010000 0.040000 0.000000 0.010000 0.020000 0.000000 1.000000 0.000000 
0.000000 0.010000 0.000000 0.000000 0.000000 0.010000 0.050000 0.020000 0.000000 1.000000 

k = 9, n = 250
1.000000 0.032000 0.024000 0.052000 0.020000 0.012000 0.008000 0.004000 0.004000 0.000000 
0.032000 1.000000 0.020000 0.032000 0.028000 0.012000 0.020000 0.008000 0.024000 0.004000 
0.024000 0.020000 1.000000 0.028000 0.028000 0.016000 0.008000 0.012000 0.008000 0.000000 
0.052000 0.032000 0.028000 1.000000 0.024000 0.012000 0.000000 0.008000 0.020000 0.000000 
0.020000 0.028000 0.028000 0.024000 1.000000 0.028000 0.016000 0.012000 0.012000 0.000000 
0.012000 0.012000 0.016000 0.012000 0.028000 1.000000 0.016000 0.032000 0.012000 0.000000 
0.008000 0.020000 0.008000 0.000000 0.016000 0.016000 1.000000 0.028000 0.036000 0.020000 
0.004000 0.008000 0.012000 0.008000 0.012000 0.032000 0.028000 1.000000 0.016000 0.004000 
0.004000 0.024000 0.008000 0.020000 0.012000 0.012000 0.036000 0.016000 1.000000 0.000000 
0.000000 0.004000 0.000000 0.000000 0.000000 0.000000 0.020000 0.004000 0.000000 1.000000 

k = 9, n = 500
1.000000 0.044000 0.042000 0.040000 0.044000 0.012000 0.004000 0.002000 0.014000 0.000000 
0.044000 1.000000 0.016000 0.052000 0.052000 0.012000 0.004000 0.006000 0.016000 0.004000 
0.042000 0.016000 1.000000 0.034000 0.070000 0.008000 0.000000 0.000000 0.008000 0.000000 
0.040000 0.052000 0.034000 1.000000 0.044000 0.016000 0.004000 0.008000 0.020000 0.002000 
0.044000 0.052000 0.070000 0.044000 1.000000 0.010000 0.006000 0.006000 0.024000 0.000000 
0.012000 0.012000 0.008000 0.016000 0.010000 1.000000 0.020000 0.036000 0.014000 0.014000 
0.004000 0.004000 0.000000 0.004000 0.006000 0.020000 1.000000 0.026000 0.016000 0.032000 
0.002000 0.006000 0.000000 0.008000 0.006000 0.036000 0.026000 1.000000 0.010000 0.034000 
0.014000 0.016000 0.008000 0.020000 0.024000 0.014000 0.016000 0.010000 1.000000 0.008000 
0.000000 0.004000 0.000000 0.002000 0.000000 0.014000 0.032000 0.034000 0.008000 1.000000 

k = 10, n = 10
1.000000 0.000000 0.000000 0.000000 0.000000 0.000000 0.000000 0.000000 0.000000 0.000000 
0.000000 1.000000 0.000000 0.000000 0.000000 0.000000 0.000000 0.000000 0.100000 0.000000 
0.000000 0.000000 1.000000 0.000000 0.000000 0.000000 0.000000 0.000000 0.000000 0.000000 
0.000000 0.000000 0.000000 1.000000 0.000000 0.000000 0.000000 0.000000 0.100000 0.000000 
0.000000 0.000000 0.000000 0.000000 1.000000 0.000000 0.000000 0.000000 0.000000 0.000000 
0.000000 0.000000 0.000000 0.000000 0.000000 1.000000 0.000000 0.000000 0.000000 0.000000 
0.000000 0.000000 0.000000 0.000000 0.000000 0.000000 1.000000 0.000000 0.000000 0.000000 
0.000000 0.000000 0.000000 0.000000 0.000000 0.000000 0.000000 1.000000 0.000000 0.000000 
0.000000 0.100000 0.000000 0.100000 0.000000 0.000000 0.000000 0.000000 1.000000 0.000000 
0.000000 0.000000 0.000000 0.000000 0.000000 0.000000 0.000000 0.000000 0.000000 1.000000 

k = 10, n = 100
1.000000 0.010000 0.040000 0.050000 0.020000 0.000000 0.000000 0.000000 0.010000 0.000000 
0.010000 1.000000 0.030000 0.040000 0.030000 0.000000 0.000000 0.000000 0.030000 0.000000 
0.040000 0.030000 1.000000 0.020000 0.010000 0.000000 0.000000 0.000000 0.000000 0.000000 
0.050000 0.040000 0.020000 1.000000 0.020000 0.000000 0.000000 0.010000 0.030000 0.000000 
0.020000 0.030000 0.010000 0.020000 1.000000 0.000000 0.000000 0.010000 0.010000 0.000000 
0.000000 0.000000 0.000000 0.000000 0.000000 1.000000 0.010000 0.010000 0.000000 0.000000 
0.000000 0.000000 0.000000 0.000000 0.000000 0.010000 1.000000 0.010000 0.000000 0.000000 
0.000000 0.000000 0.000000 0.010000 0.010000 0.010000 0.010000 1.000000 0.010000 0.010000 
0.010000 0.030000 0.000000 0.030000 0.010000 0.000000 0.000000 0.010000 1.000000 0.010000 
0.000000 0.000000 0.000000 0.000000 0.000000 0.000000 0.000000 0.010000 0.010000 1.000000 

k = 10, n = 250
1.000000 0.012000 0.048000 0.036000 0.016000 0.004000 0.000000 0.000000 0.000000 0.000000 
0.012000 1.000000 0.020000 0.016000 0.028000 0.012000 0.004000 0.000000 0.012000 0.000000 
0.048000 0.020000 1.000000 0.028000 0.024000 0.000000 0.000000 0.000000 0.012000 0.000000 
0.036000 0.016000 0.028000 1.000000 0.024000 0.008000 0.000000 0.004000 0.004000 0.000000 
0.016000 0.028000 0.024000 0.024000 1.000000 0.000000 0.000000 0.000000 0.012000 0.000000 
0.004000 0.012000 0.000000 0.008000 0.000000 1.000000 0.008000 0.012000 0.004000 0.004000 
0.000000 0.004000 0.000000 0.000000 0.000000 0.008000 1.000000 0.020000 0.004000 0.020000 
0.000000 0.000000 0.000000 0.004000 0.000000 0.012000 0.020000 1.000000 0.008000 0.016000 
0.000000 0.012000 0.012000 0.004000 0.012000 0.004000 0.004000 0.008000 1.000000 0.000000 
0.000000 0.000000 0.000000 0.000000 0.000000 0.004000 0.020000 0.016000 0.000000 1.000000 

k = 10, n = 500
1.000000 0.022000 0.034000 0.040000 0.026000 0.002000 0.000000 0.000000 0.004000 0.000000 
0.022000 1.000000 0.012000 0.066000 0.020000 0.010000 0.004000 0.010000 0.036000 0.004000 
0.034000 0.012000 1.000000 0.038000 0.030000 0.012000 0.000000 0.000000 0.004000 0.000000 
0.040000 0.066000 0.038000 1.000000 0.028000 0.006000 0.004000 0.004000 0.012000 0.002000 
0.026000 0.020000 0.030000 0.028000 1.000000 0.004000 0.000000 0.002000 0.008000 0.000000 
0.002000 0.010000 0.012000 0.006000 0.004000 1.000000 0.000000 0.030000 0.006000 0.006000 
0.000000 0.004000 0.000000 0.004000 0.000000 0.000000 1.000000 0.012000 0.006000 0.020000 
0.000000 0.010000 0.000000 0.004000 0.002000 0.030000 0.012000 1.000000 0.004000 0.012000 
0.004000 0.036000 0.004000 0.012000 0.008000 0.006000 0.006000 0.004000 1.000000 0.002000 
0.000000 0.004000 0.000000 0.002000 0.000000 0.006000 0.020000 0.012000 0.002000 1.000000 

k = 11, n = 10
1.000000 0.000000 0.100000 0.000000 0.000000 0.000000 0.000000 0.000000 0.000000 0.000000 
0.000000 1.000000 0.000000 0.100000 0.000000 0.000000 0.000000 0.000000 0.000000 0.000000 
0.100000 0.000000 1.000000 0.000000 0.000000 0.000000 0.000000 0.000000 0.000000 0.000000 
0.000000 0.100000 0.000000 1.000000 0.000000 0.000000 0.000000 0.000000 0.000000 0.000000 
0.000000 0.000000 0.000000 0.000000 1.000000 0.000000 0.000000 0.000000 0.000000 0.000000 
0.000000 0.000000 0.000000 0.000000 0.000000 1.000000 0.100000 0.100000 0.000000 0.000000 
0.000000 0.000000 0.000000 0.000000 0.000000 0.100000 1.000000 0.100000 0.000000 0.000000 
0.000000 0.000000 0.000000 0.000000 0.000000 0.100000 0.100000 1.000000 0.000000 0.000000 
0.000000 0.000000 0.000000 0.000000 0.000000 0.000000 0.000000 0.000000 1.000000 0.000000 
0.000000 0.000000 0.000000 0.000000 0.000000 0.000000 0.000000 0.000000 0.000000 1.000000 

k = 11, n = 100
1.000000 0.040000 0.020000 0.050000 0.010000 0.000000 0.000000 0.000000 0.000000 0.000000 
0.040000 1.000000 0.000000 0.050000 0.010000 0.010000 0.000000 0.000000 0.010000 0.000000 
0.020000 0.000000 1.000000 0.030000 0.050000 0.000000 0.000000 0.000000 0.000000 0.000000 
0.050000 0.050000 0.030000 1.000000 0.020000 0.000000 0.000000 0.000000 0.020000 0.000000 
0.010000 0.010000 0.050000 0.020000 1.000000 0.000000 0.000000 0.000000 0.000000 0.000000 
0.000000 0.010000 0.000000 0.000000 0.000000 1.000000 0.000000 0.010000 0.020000 0.000000 
0.000000 0.000000 0.000000 0.000000 0.000000 0.000000 1.000000 0.010000 0.000000 0.030000 
0.000000 0.000000 0.000000 0.000000 0.000000 0.010000 0.010000 1.000000 0.000000 0.000000 
0.000000 0.010000 0.000000 0.020000 0.000000 0.020000 0.000000 0.000000 1.000000 0.000000 
0.000000 0.000000 0.000000 0.000000 0.000000 0.000000 0.030000 0.000000 0.000000 1.000000 

k = 11, n = 250
1.000000 0.028000 0.024000 0.024000 0.028000 0.004000 0.004000 0.000000 0.000000 0.000000 
0.028000 1.000000 0.020000 0.028000 0.028000 0.004000 0.000000 0.004000 0.020000 0.000000 
0.024000 0.020000 1.000000 0.008000 0.040000 0.004000 0.000000 0.000000 0.000000 0.000000 
0.024000 0.028000 0.008000 1.000000 0.024000 0.004000 0.004000 0.000000 0.008000 0.000000 
0.028000 0.028000 0.040000 0.024000 1.000000 0.008000 0.000000 0.004000 0.008000 0.000000 
0.004000 0.004000 0.004000 0.004000 0.008000 1.000000 0.012000 0.012000 0.008000 0.004000 
0.004000 0.000000 0.000000 0.004000 0.000000 0.012000 1.000000 0.012000 0.008000 0.008000 
0.000000 0.004000 0.000000 0.000000 0.004000 0.012000 0.012000 1.000000 0.000000 0.004000 
0.000000 0.020000 0.000000 0.008000 0.008000 0.008000 0.008000 0.000000 1.000000 0.000000 
0.000000 0.000000 0.000000 0.000000 0.000000 0.004000 0.008000 0.004000 0.000000 1.000000 

k = 11, n = 500
1.000000 0.030000 0.020000 0.026000 0.024000 0.004000 0.000000 0.002000 0.006000 0.000000 
0.030000 1.000000 0.012000 0.042000 0.024000 0.006000 0.002000 0.000000 0.018000 0.002000 
0.020000 0.012000 1.000000 0.022000 0.016000 0.002000 0.002000 0.002000 0.004000 0.000000 
0.026000 0.042000 0.022000 1.000000 0.014000 0.008000 0.004000 0.002000 0.022000 0.000000 
0.024000 0.024000 0.016000 0.014000 1.000000 0.000000 0.004000 0.000000 0.006000 0.000000 
0.004000 0.006000 0.002000 0.008000 0.000000 1.000000 0.010000 0.018000 0.002000 0.004000 
0.000000 0.002000 0.002000 0.004000 0.004000 0.010000 1.000000 0.012000 0.014000 0.012000 
0.002000 0.000000 0.002000 0.002000 0.000000 0.018000 0.012000 1.000000 0.004000 0.002000 
0.006000 0.018000 0.004000 0.022000 0.006000 0.002000 0.014000 0.004000 1.000000 0.000000 
0.000000 0.002000 0.000000 0.000000 0.000000 0.004000 0.012000 0.002000 0.000000 1.000000 

k = 12, n = 10
1.000000 0.000000 0.000000 0.000000 0.000000 0.000000 0.000000 0.000000 0.000000 0.000000 
0.000000 1.000000 0.000000 0.000000 0.000000 0.000000 0.000000 0.000000 0.000000 0.000000 
0.000000 0.000000 1.000000 0.100000 0.000000 0.000000 0.000000 0.000000 0.000000 0.000000 
0.000000 0.000000 0.100000 1.000000 0.000000 0.000000 0.000000 0.000000 0.000000 0.000000 
0.000000 0.000000 0.000000 0.000000 1.000000 0.000000 0.000000 0.000000 0.000000 0.000000 
0.000000 0.000000 0.000000 0.000000 0.000000 1.000000 0.000000 0.000000 0.000000 0.000000 
0.000000 0.000000 0.000000 0.000000 0.000000 0.000000 1.000000 0.000000 0.000000 0.000000 
0.000000 0.000000 0.000000 0.000000 0.000000 0.000000 0.000000 1.000000 0.000000 0.000000 
0.000000 0.000000 0.000000 0.000000 0.000000 0.000000 0.000000 0.000000 1.000000 0.000000 
0.000000 0.000000 0.000000 0.000000 0.000000 0.000000 0.000000 0.000000 0.000000 1.000000 

k = 12, n = 100
1.000000 0.020000 0.010000 0.030000 0.010000 0.000000 0.000000 0.000000 0.010000 0.000000 
0.020000 1.000000 0.010000 0.020000 0.010000 0.000000 0.000000 0.000000 0.030000 0.000000 
0.010000 0.010000 1.000000 0.030000 0.010000 0.000000 0.000000 0.000000 0.000000 0.000000 
0.030000 0.020000 0.030000 1.000000 0.000000 0.010000 0.000000 0.000000 0.000000 0.000000 
0.010000 0.010000 0.010000 0.000000 1.000000 0.000000 0.000000 0.000000 0.000000 0.000000 
0.000000 0.000000 0.000000 0.010000 0.000000 1.000000 0.000000 0.020000 0.000000 0.000000 
0.000000 0.000000 0.000000 0.000000 0.000000 0.000000 1.000000 0.000000 0.000000 0.010000 
0.000000 0.000000 0.000000 0.000000 0.000000 0.020000 0.000000 1.000000 0.000000 0.010000 
0.010000 0.030000 0.000000 0.000000 0.000000 0.000000 0.000000 0.000000 1.000000 0.000000 
0.000000 0.000000 0.000000 0.000000 0.000000 0.000000 0.010000 0.010000 0.000000 1.000000 

k = 12, n = 250
1.000000 0.020000 0.020000 0.024000 0.016000 0.004000 0.004000 0.000000 0.004000 0.000000 
0.020000 1.000000 0.000000 0.028000 0.012000 0.000000 0.004000 0.000000 0.016000 0.000000 
0.020000 0.000000 1.000000 0.004000 0.020000 0.000000 0.000000 0.000000 0.000000 0.000000 
0.024000 0.028000 0.004000 1.000000 0.008000 0.000000 0.004000 0.004000 0.008000 0.000000 
0.016000 0.012000 0.020000 0.008000 1.000000 0.000000 0.000000 0.000000 0.004000 0.000000 
0.004000 0.000000 0.000000 0.000000 0.000000 1.000000 0.000000 0.004000 0.004000 0.004000 
0.004000 0.004000 0.000000 0.004000 0.000000 0.000000 1.000000 0.004000 0.004000 0.000000 
0.000000 0.000000 0.000000 0.004000 0.000000 0.004000 0.004000 1.000000 0.008000 0.000000 
0.004000 0.016000 0.000000 0.008000 0.004000 0.004000 0.004000 0.008000 1.000000 0.000000 
0.000000 0.000000 0.000000 0.000000 0.000000 0.004000 0.000000 0.000000 0.000000 1.000000 

k = 12, n = 500
1.000000 0.024000 0.018000 0.022000 0.018000 0.000000 0.000000 0.000000 0.004000 0.000000 
0.024000 1.000000 0.010000 0.028000 0.014000 0.002000 0.000000 0.002000 0.010000 0.000000 
0.018000 0.010000 1.000000 0.010000 0.014000 0.000000 0.000000 0.000000 0.004000 0.000000 
0.022000 0.028000 0.010000 1.000000 0.020000 0.004000 0.000000 0.000000 0.012000 0.000000 
0.018000 0.014000 0.014000 0.020000 1.000000 0.000000 0.000000 0.000000 0.010000 0.002000 
0.000000 0.002000 0.000000 0.004000 0.000000 1.000000 0.004000 0.026000 0.004000 0.004000 
0.000000 0.000000 0.000000 0.000000 0.000000 0.004000 1.000000 0.002000 0.000000 0.002000 
0.000000 0.002000 0.000000 0.000000 0.000000 0.026000 0.002000 1.000000 0.002000 0.006000 
0.004000 0.010000 0.004000 0.012000 0.010000 0.004000 0.000000 0.002000 1.000000 0.002000 
0.000000 0.000000 0.000000 0.000000 0.002000 0.004000 0.002000 0.006000 0.002000 1.000000 

k = 13, n = 10
1.000000 0.000000 0.000000 0.000000 0.000000 0.000000 0.000000 0.000000 0.000000 0.000000 
0.000000 1.000000 0.000000 0.100000 0.000000 0.000000 0.000000 0.000000 0.000000 0.000000 
0.000000 0.000000 1.000000 0.000000 0.000000 0.000000 0.000000 0.000000 0.100000 0.000000 
0.000000 0.100000 0.000000 1.000000 0.000000 0.000000 0.000000 0.000000 0.000000 0.000000 
0.000000 0.000000 0.000000 0.000000 1.000000 0.000000 0.000000 0.000000 0.000000 0.000000 
0.000000 0.000000 0.000000 0.000000 0.000000 1.000000 0.000000 0.000000 0.000000 0.000000 
0.000000 0.000000 0.000000 0.000000 0.000000 0.000000 1.000000 0.000000 0.000000 0.000000 
0.000000 0.000000 0.000000 0.000000 0.000000 0.000000 0.000000 1.000000 0.000000 0.000000 
0.000000 0.000000 0.100000 0.000000 0.000000 0.000000 0.000000 0.000000 1.000000 0.000000 
0.000000 0.000000 0.000000 0.000000 0.000000 0.000000 0.000000 0.000000 0.000000 1.000000 

k = 13, n = 100
1.000000 0.020000 0.030000 0.010000 0.020000 0.000000 0.000000 0.000000 0.000000 0.000000 
0.020000 1.000000 0.020000 0.020000 0.000000 0.000000 0.000000 0.000000 0.000000 0.000000 
0.030000 0.020000 1.000000 0.010000 0.040000 0.000000 0.000000 0.010000 0.000000 0.000000 
0.010000 0.020000 0.010000 1.000000 0.010000 0.000000 0.000000 0.000000 0.010000 0.000000 
0.020000 0.000000 0.040000 0.010000 1.000000 0.000000 0.000000 0.000000 0.000000 0.000000 
0.000000 0.000000 0.000000 0.000000 0.000000 1.000000 0.000000 0.010000 0.000000 0.000000 
0.000000 0.000000 0.000000 0.000000 0.000000 0.000000 1.000000 0.000000 0.000000 0.000000 
0.000000 0.000000 0.010000 0.000000 0.000000 0.010000 0.000000 1.000000 0.000000 0.000000 
0.000000 0.000000 0.000000 0.010000 0.000000 0.000000 0.000000 0.000000 1.000000 0.000000 
0.000000 0.000000 0.000000 0.000000 0.000000 0.000000 0.000000 0.000000 0.000000 1.000000 

k = 13, n = 250
1.000000 0.004000 0.020000 0.012000 0.012000 0.000000 0.000000 0.000000 0.000000 0.000000 
0.004000 1.000000 0.008000 0.020000 0.012000 0.000000 0.000000 0.000000 0.012000 0.000000 
0.020000 0.008000 1.000000 0.020000 0.036000 0.000000 0.000000 0.000000 0.004000 0.000000 
0.012000 0.020000 0.020000 1.000000 0.024000 0.000000 0.000000 0.000000 0.008000 0.000000 
0.012000 0.012000 0.036000 0.024000 1.000000 0.000000 0.000000 0.004000 0.004000 0.000000 
